0.323493 0.262629 0.330304 0.364618 0.309970 0.246149 0.256755 0.332703 0.379390 0.327276 
0.511558 -0.304716 0.443424 0.007126 0.081890 0.300846 0.061422 -0.364609 -0.290469 -0.361223 
0.193219 -0.252994 -0.199800 0.078988 -0.241908 0.223456 -0.359289 0.447188 0.427661 -0.481758 
0.147762 -0.121238 -0.172774 0.035496 -0.588341 0.177473 0.543564 0.327439 -0.354775 0.161774 
-0.105005 0.694278 0.292042 -0.209918 -0.268605 0.350514 -0.304775 0.123297 -0.237739 -0.134088 
0.419210 0.194305 -0.468338 -0.255193 -0.141030 0.291386 -0.062503 -0.472212 0.291870 0.291841 
-0.164976 0.233645 -0.067140 -0.328425 0.143997 0.029815 0.635045 -0.059957 0.300829 -0.535558 
0.027063 0.309122 -0.464218 0.673906 0.173924 0.066756 0.018165 -0.136797 -0.294026 -0.306371 
0.126545 0.190685 0.287125 0.322285 -0.559345 -0.503858 0.046993 -0.296179 0.305062 -0.107630 
-0.586317 -0.230620 0.132016 0.290577 -0.191464 0.548169 0.056025 -0.317741 0.226300 0.093413 
